#       1
1       0.000867899999999983
2       0.00889099999999997
3       0.00419019999999997
4       0.00235659999999999
5       0.0025405
6       0.0033967
7       0.00229020000000001
8       0.00214560000000001
9       0.0057201
10      0.0030014
11      0.00249219999999999
12      0.0032536
13      0.00498339999999998
14      0.0093699999999998
15      0.0024755
16      0.00321469999999999
17      0.0035834
18      0.00313079999999999
19      0.00305900000000001
20      0.0130423999999997
21      0.00941379999999991
22      0.00309069999999998
23      0.00234660000000001
24      0.00534050000000001
25      0.002833
26      0.00303009999999999
27      0.00289739999999999
28      0.0038513
29      0.00259199999999999
30      0.00217520000000001
31      0.00318999999999999
32      0.00885979999999995
33      0.00342699999999999
34      0.0106808
35      0.00371210000000001
36      0.00578940000000004
37      0.0030674
38      0.00476700000000003
39      0.00610620000000002
40      0.00711450000000009
41      0.00662050000000006
42      0.00711050000000012
43      0.0106858
44      0.00685590000000009
45      0.00601450000000004
46      0.00931520000000001
47      0.0046171
48      0.0379631999999999
49      0.00718050000000004
50      0.00396799999999998
51      0.00421899999999998
52      0.014988
53      0.00523699999999999
54      0.00614339999999997
55      0.0066854000000001
56      0.00320249999999999
57      0.0050819
58      0.00682270000000013
59      0.00574990000000003
60      0.00509600000000002
61      0.00414059999999996
62      0.00200150000000003
63      0.00275239999999997
64      0.00360149999999998
65      0.00606110000000009
66      0.00375029999999999
67      0.00198360000000002
68      0.00437169999999999
69      0.00550689999999994
70      0.0024478
71      0.00224449999999999
72      0.00225450000000001
73      0.00666420000000002
74      0.00614420000000003
75      0.00562300000000002
76      0.00348429999999997
77      0.00195760000000002
78      0.00257429999999998
79      0.00216030000000001
80      0.00591169999999997
81      0.00762109999999999
82      0.00263920000000001
83      0.0084307
84      0.0048687
85      0.00371239999999999
86      0.00978879999999992
87      0.00452899999999998
88      0.00549790000000001
89      0.00380909999999998
90      0.00738109999999993
91      0.0142986
92      0.00974109999999991
93      0.0101285999999999
94      0.00695749999999994
95      0.00680749999999992
96      0.00899299999999996
97      0.00532269999999994
98      0.003875
99      0.00534039999999994
100     0.00733919999999998
101     0.0128989
102     0.00647059999999993
103     0.013988
104     0.00833309999999994
105     0.0100658
106     0.00869129999999991
107     0.00667179999999991
108     0.00840879999999992
109     0.00782069999999991
110     0.00797059999999989
111     0.00551729999999997
112     0.0201086000000001
113     0.0111953
114     0.0183797000000001
115     0.00936749999999993
116     0.0117522
117     0.0116881
118     0.0155755
119     0.0179761000000001
120     0.00971129999999997
121     0.00553559999999996
122     0.00881049999999999
123     0.00634129999999995
124     0.00975669999999992
125     0.00771189999999997
126     0.00600659999999999
127     0.00586039999999996
128     0.00763030000000002
129     0.00602849999999997
130     0.00794529999999996
131     0.00592220000000002
132     0.00275649999999999
133     0.0071673
134     0.00586690000000004
135     0.00326419999999998
136     0.00626730000000002
137     0.0034974
138     0.0028722
139     0.00306659999999998
140     0.0100395
141     0.00630009999999997
142     0.00513979999999999
143     0.00483980000000001
144     0.00338800000000003
145     0.00361429999999998
146     0.0071246
147     0.00480930000000004
148     0.00379119999999999
149     0.00551330000000001
150     0.00357390000000004
151     0.00274720000000002
152     0.00359059999999998
153     0.0085922
154     0.00330290000000004
155     0.00424869999999999
156     0.00449600000000002
157     0.00421910000000003
158     0.00278140000000002
159     0.00550930000000001
160     0.0085228
161     0.00899259999999999
162     0.00353839999999996
163     0.00487070000000006
164     0.00514589999999999
165     0.0105007
166     0.00821210000000008
167     0.00497550000000002
168     0.00585530000000002
169     0.00738890000000001
170     0.00448680000000001
171     0.00410029999999998
172     0.00502180000000006
173     0.00306159999999998
174     0.00294759999999999
175     0.00422169999999999
176     0.00762209999999996
177     0.00328849999999997
178     0.00405109999999999
179     0.00566469999999999
180     0.00323279999999996
181     0.00304779999999996
182     0.0049981
183     0.00628529999999999
184     0.00315779999999995
185     0.00372329999999998
186     0.00604139999999996
187     0.00327609999999995
188     0.00311389999999995
189     0.00433059999999999
190     0.00777929999999996
191     0.00346879999999994
192     0.00421019999999997
193     0.00552579999999996
194     0.00654549999999997
195     0.0148352
196     0.00830220000000002
197     0.00539630000000005
198     0.00333379999999995
199     0.0065265
200     0.00581250000000009
201     0.00477729999999997
202     0.00574270000000006
203     0.00337139999999996
204     0.00329819999999996
205     0.00698679999999997
206     0.00590760000000002
207     0.00372329999999997
208     0.00989979999999995
209     0.00577599999999995
210     0.00977199999999996
211     0.00855609999999996
212     0.0073725999999999
213     0.00621909999999997
214     0.00838999999999995
215     0.00641679999999992
216     0.00942119999999994
217     0.00501679999999998
218     0.00729849999999996
219     0.00367069999999998
220     0.00703299999999998
221     0.00602869999999995
222     0.00392559999999999
223     0.00377929999999998
224     0.0045861
225     0.00420129999999997
226     0.00683419999999997
227     0.0047878
228     0.00520079999999998
229     0.00476059999999997
230     0.0039008
231     0.00535279999999996
232     0.003754
233     0.00382990000000001
234     0.0100827
235     0.00449639999999998
236     0.0038194
237     0.00827889999999992
238     0.00375510000000001
239     0.00410550000000002
240     0.00758309999999999
241     0.00541229999999991
242     0.00634869999999994
243     0.004183
244     0.00380200000000003
245     0.00678859999999998
246     0.00850169999999993
247     0.00485499999999999
248     0.00694129999999994
249     0.00687859999999994
250     0.0107555
251     0.0132039
252     0.00751289999999996
253     0.00780719999999994
254     0.00398839999999999
255     0.00495569999999998
256     0.00591169999999993
257     0.00472849999999993
258     0.00399129999999997
259     0.00931240000000006
260     0.00469369999999993
261     0.00618819999999998
262     0.00532859999999989
263     0.00435359999999995
264     0.00653539999999999
265     0.00579829999999991
266     0.00460769999999994
267     0.0080642999999999
268     0.00441229999999994
269     0.00738069999999997
270     0.00780269999999995
271     0.00485619999999999
272     0.00673849999999989
273     0.00421099999999991
274     0.00512229999999995
275     0.00910100000000006
276     0.00439429999999991
277     0.00715239999999998
278     0.00446419999999993
279     0.00446729999999992
280     0.00922130000000002
281     0.00472429999999992
282     0.00605089999999999
283     0.00618289999999989
284     0.00455329999999998
285     0.00797020000000001
286     0.00648549999999993
287     0.0062319
288     0.00675559999999996
289     0.00857390000000002
290     0.00972740000000001
291     0.00667100000000001
292     0.00803480000000004
293     0.00663990000000003
294     0.00982340000000005
295     0.00527310000000001
296     0.00819179999999998
297     0.00491109999999997
298     0.0103776
299     0.00578479999999993
300     0.00932660000000001
301     0.00487029999999999
302     0.00699280000000004
303     0.00691239999999993
304     0.00477400000000003
305     0.00855620000000001
306     0.00462110000000003
307     0.00720970000000004
308     0.00725529999999998
309     0.00508120000000005
310     0.00718559999999995
311     0.00504340000000001
312     0.00526810000000004
313     0.00854190000000007
314     0.00568599999999999
315     0.00783800000000005
316     0.00508769999999998
317     0.00618110000000002
318     0.00827850000000003
319     0.00693240000000004
320     0.00625729999999994
321     0.00501329999999998
322     0.0135334999999999
323     0.0113428
324     0.00746740000000009
325     0.0103117
326     0.00809700000000007
327     0.00769910000000005
328     0.00502419999999996
329     0.00874300000000003
330     0.00586449999999998
331     0.00957200000000001
332     0.00687280000000003
333     0.0073635
334     0.00685550000000005
335     0.00800510000000003
336     0.00835280000000009
337     0.0109099
338     0.0100312000000001
339     0.0120845
340     0.0118721999999999
341     0.015692
342     0.00835760000000007
343     0.00753710000000008
344     0.0097443
345     0.00966990000000001
346     0.0104196
347     0.00971950000000005
348     0.00942530000000001
349     0.0106648
350     0.0117942
351     0.012347
352     0.0088237
353     0.0089858
354     0.0136101
355     0.012002
356     0.0214152
357     0.0248745999999999
358     0.0102879
359     0.00943160000000005
360     0.00904619999999999
361     0.00775800000000006
362     0.00594630000000006
363     0.0139929999999999
364     0.00700620000000002
365     0.00790550000000009
366     0.00857690000000003
367     0.00832269999999998
368     0.0084222
369     0.0104462
370     0.00977719999999996
371     0.00750400000000002
372     0.0102772
373     0.0126278
374     0.0163895
375     0.0156557
376     0.0184856000000001
377     0.0133816
378     0.0102992
379     0.00736859999999998
380     0.00877559999999991
381     0.00612840000000007
382     0.00764419999999999
383     0.00536440000000005
384     0.00620619999999998
385     0.00789409999999994
386     0.00541220000000005
387     0.006963
388     0.00544370000000005
389     0.00577029999999997
390     0.0101469
391     0.00594829999999999
392     0.00601990000000007
393     0.00569790000000001
394     0.00877649999999995
395     0.00810860000000006
396     0.00847089999999997
397     0.00978260000000001
398     0.0106969
399     0.0105959
400     0.00623660000000007
401     0.00571169999999999
402     0.0131061
403     0.00644679999999997
404     0.00665150000000014
405     0.00620290000000003
406     0.00727339999999991
407     0.0138794
408     0.00929749999999993
409     0.0142109
410     0.00781299999999994
411     0.00580260000000005
412     0.00570600000000001
413     0.00852369999999994
414     0.00570130000000004
415     0.00840949999999994
416     0.00577480000000004
417     0.0065138999999999
418     0.0100365000000001
419     0.00722079999999992
420     0.00633620000000006
421     0.00661359999999992
422     0.00853559999999998
423     0.00581380000000002
424     0.00767619999999999
425     0.00590709999999999
426     0.00754159999999997
427     0.00776309999999992
428     0.0123915
429     0.00767409999999992
430     0.00987980000000006
431     0.00604689999999998
432     0.00815399999999994
433     0.00824029999999996
434     0.00902150000000003
435     0.00609899999999995
436     0.00781149999999996
437     0.00602869999999995
438     0.00727079999999998
439     0.00785329999999989
440     0.00678019999999994
441     0.00700559999999993
442     0.00622369999999993
443     0.00857799999999999
444     0.00609469999999989
445     0.0100297
446     0.0105312
447     0.00909249999999996
448     0.00985740000000005
449     0.00614139999999989
450     0.00918150000000003
451     0.00707419999999985
452     0.00832879999999996
453     0.00622919999999989
454     0.008253
455     0.0110969000000001
456     0.00897369999999995
457     0.00735779999999996
458     0.0105030000000001
459     0.00742089999999998
460     0.00807809999999986
461     0.00639349999999994
462     0.00842800000000005
463     0.00740269999999988
464     0.00780179999999987
465     0.00630879999999993
466     0.0095815
467     0.00666999999999992
468     0.00769939999999991
469     0.00641239999999994
470     0.0085236
471     0.00803999999999984
472     0.00832479999999998
473     0.00657089999999995
474     0.00720550000000002
475     0.0101746
476     0.00901079999999993
477     0.00647239999999995
478     0.0075298
479     0.00870819999999988
480     0.00863529999999997
481     0.00665759999999995
482     0.00759580000000001
483     0.00908429999999993
484     0.00828669999999999
485     0.00791039999999991
486     0.0125793
487     0.0122246
488     0.00868959999999997
489     0.0121653
490     0.00863749999999999
491     0.00958729999999996
492     0.00878810000000006
493     0.00851609999999997
494     0.00936759999999998
495     0.00670179999999993
496     0.00933819999999999
497     0.00694899999999991
498     0.0084033
499     0.00673909999999993
